positive\1626011010.871845.jpg 5 771 281 29 55 694 324 29 55 560 366 29 58 357 359 31 57 359 72 27 57
positive\1626011011.3422184.jpg 5 770 279 29 58 695 324 27 56 560 366 29 57 358 359 30 57 358 73 30 55
positive\1626011011.4173698.jpg 5 771 278 29 60 694 321 31 60 561 367 27 56 359 361 27 55 356 73 33 56
positive\1626011011.4925418.jpg 5 359 72 27 56 360 359 27 57 561 367 29 56 696 324 27 56 771 280 28 57
positive\1626011011.5686536.jpg 5 771 279 28 57 695 325 28 53 561 368 27 54 359 360 29 56 360 72 27 57
positive\1626011011.6438043.jpg 5 771 280 28 56 695 324 27 57 560 367 29 58 358 360 29 57 360 71 28 57
positive\1626011011.7238324.jpg 5 771 280 28 58 695 324 28 57 562 369 26 56 359 360 30 55 359 73 29 56
positive\1626011011.8048494.jpg 5 770 281 29 54 694 323 29 57 560 368 28 54 359 359 28 56 359 71 27 57
positive\1626011011.880968.jpg 5 771 282 29 56 695 325 28 54 561 368 28 55 360 359 27 56 359 71 29 58
positive\1626011011.9717405.jpg 5 771 279 29 59 695 323 29 58 561 368 27 55 359 359 29 59 359 73 30 54
positive\1626011012.0507948.jpg 5 769 280 31 57 694 323 29 57 559 367 31 57 360 360 26 57 359 72 29 56
positive\1626011012.1230283.jpg 5 770 279 31 61 695 323 30 57 561 367 27 56 359 360 28 55 359 73 29 56
positive\1626011012.2010984.jpg 5 771 280 28 58 694 325 30 54 561 368 27 56 358 360 29 56 358 71 31 58
positive\1626011012.2713685.jpg 5 770 279 31 57 694 323 30 58 561 367 27 57 360 361 29 54 358 71 31 58
positive\1626011012.3465214.jpg 5 771 280 28 58 695 324 29 55 561 367 27 56 358 360 30 56 358 72 29 56
positive\1626011012.4197218.jpg 5 771 280 28 58 694 323 29 56 560 367 29 55 358 361 29 55 359 73 28 55
positive\1626011048.570627.jpg 6 739 361 31 57 664 403 27 56 529 446 28 55 328 439 28 57 329 151 27 55 444 121 28 58
positive\1626011049.0805986.jpg 6 442 123 31 56 328 151 27 57 328 440 29 55 530 445 28 58 663 402 30 56 740 359 28 56
positive\1626011049.1489275.jpg 6 740 360 29 56 664 403 29 58 530 446 27 57 328 438 28 58 329 151 27 56 442 123 30 55
positive\1626011049.220824.jpg 6 739 359 30 59 663 403 30 59 529 446 29 57 328 439 29 57 328 151 28 56 443 122 29 57
positive\1626011049.298505.jpg 6 739 358 29 60 664 403 27 56 530 447 28 55 328 437 30 58 328 151 29 57 444 123 27 55
positive\1626011049.3726876.jpg 6 740 359 28 58 664 403 28 56 529 446 29 56 327 439 30 55 329 152 28 56 443 122 29 56
positive\1626011049.4473393.jpg 6 742 361 25 56 665 403 28 58 528 445 31 58 328 438 29 57 328 150 29 58 442 123 31 57
positive\1626011049.525959.jpg 6 741 359 27 59 663 404 31 56 529 447 30 55 329 439 28 56 329 152 27 57 442 123 31 57
positive\1626011049.6065042.jpg 6 740 359 30 58 664 403 29 57 529 447 29 55 327 438 31 59 327 151 30 57 443 122 30 58
positive\1626011049.6880162.jpg 6 741 359 27 59 664 402 28 58 529 446 29 57 328 439 28 58 327 151 29 57 443 121 29 57
positive\1626011049.7660983.jpg 6 741 360 26 58 665 403 28 57 529 446 29 57 328 438 29 59 326 151 32 57 442 121 32 58
positive\1626011049.8476403.jpg 6 740 359 27 59 664 402 28 58 529 446 29 58 328 438 29 60 327 151 30 58 443 122 28 58
positive\1626011049.9242845.jpg 6 741 360 28 57 663 403 30 57 529 446 30 57 327 437 31 59 327 151 30 58 443 122 29 57
positive\1626011050.0023644.jpg 6 739 359 29 59 664 403 29 58 530 447 26 55 328 438 29 59 329 151 29 58 443 122 28 56
positive\1626011050.0780346.jpg 6 740 358 28 60 664 404 28 56 530 446 28 55 329 439 27 57 328 151 28 57 443 122 29 57
positive\1626011050.1580544.jpg 6 740 360 28 56 664 404 28 55 530 446 29 57 328 439 27 56 328 151 29 57 443 123 29 54
positive\1626011050.2312617.jpg 6 741 359 27 57 663 403 30 59 530 447 28 57 327 440 30 56 328 151 27 56 443 123 30 55
positive\1626011050.3122642.jpg 6 740 359 28 60 664 404 29 56 529 446 29 57 329 439 26 57 328 151 27 57 443 123 28 55
positive\1626011050.3883996.jpg 6 740 359 28 59 664 403 29 58 530 447 28 56 327 438 31 59 326 151 32 58 443 122 29 57
positive\1626011050.4684234.jpg 6 740 359 28 58 663 403 30 56 529 446 29 56 328 438 29 58 327 152 30 57 443 122 29 57
positive\1626011050.5494292.jpg 6 443 123 29 57 328 150 30 58 328 439 28 57 530 447 27 56 665 403 27 58 740 359 28 59
positive\1626011050.6363.jpg 6 739 359 31 58 664 404 28 56 530 447 28 56 328 440 28 57 329 151 27 58 443 122 30 58
positive\1626011055.2300022.jpg 4 737 159 27 57 660 203 29 56 526 247 29 55 324 240 30 56
positive\1626011055.639137.jpg 4 737 160 27 57 660 203 29 58 526 246 27 57 324 239 29 57
positive\1626011056.1061726.jpg 4 735 160 32 59 660 202 29 58 526 247 28 56 324 240 30 56
positive\1626011056.1832814.jpg 4 736 160 29 58 660 203 29 57 525 246 30 57 323 239 33 58
positive\1626011056.2551894.jpg 4 736 158 29 59 659 202 33 57 526 247 28 55 325 240 27 56
positive\1626011056.3323083.jpg 4 735 158 30 60 661 204 27 57 526 248 27 54 323 239 31 58
positive\1626011056.4016263.jpg 4 736 160 29 56 659 203 32 55 525 246 30 57 325 240 28 56
positive\1626011056.475837.jpg 4 736 160 29 58 660 205 28 55 526 247 28 57 323 238 31 59
positive\1626011056.5427032.jpg 4 735 160 31 58 660 204 30 56 526 247 29 57 324 239 30 56
positive\1626011056.6188343.jpg 4 735 159 31 58 660 203 29 57 525 246 31 58 325 238 26 58
positive\1626011085.6736925.jpg 6 506 177 30 57 803 415 28 57 728 456 27 59 593 501 28 57 392 493 29 56 391 206 30 56
positive\1626011086.201313.jpg 6 803 414 29 58 727 458 29 57 594 501 27 56 391 495 30 55 392 206 29 57 505 176 32 58
positive\1626011086.6854074.jpg 6 506 176 30 58 391 205 30 59 392 494 28 57 593 499 29 59 727 458 29 58 803 414 29 59
positive\1626011086.7575955.jpg 6 507 177 29 57 391 206 28 57 392 494 28 57 593 501 29 57 728 457 28 59 803 414 30 58
positive\1626011086.8317776.jpg 6 804 414 29 57 727 457 30 58 592 500 31 58 392 493 28 59 391 206 30 58 506 177 30 57
positive\1626011086.908409.jpg 6 802 414 31 58 728 457 28 58 593 501 28 56 391 495 30 57 391 206 31 57 507 177 30 56
positive\1626011086.9850779.jpg 6 507 175 29 59 392 205 28 59 392 494 28 58 593 501 29 57 727 456 30 59 804 413 29 60
positive\1626011087.0636396.jpg 6 507 176 28 59 391 206 31 56 391 492 29 60 592 499 30 61 727 457 30 58 802 414 30 59
positive\1626011089.8784435.jpg 6 735 318 31 57 660 360 27 58 525 404 29 57 324 397 28 56 324 109 29 57 439 79 29 58
positive\1626011090.362536.jpg 6 735 318 29 57 659 360 31 58 525 404 30 57 323 397 32 58 324 108 29 58 438 78 32 59
positive\1626011090.4337761.jpg 6 737 316 28 59 660 360 30 58 524 403 31 59 324 397 32 56 323 108 31 57 438 79 31 58
positive\1626011090.5074883.jpg 6 735 316 32 58 660 360 29 56 526 403 27 58 324 398 29 55 325 109 28 56 439 80 30 57
positive\1626011090.577293.jpg 6 735 316 29 59 660 360 29 57 526 403 28 57 324 396 30 57 324 108 29 58 439 79 29 59
positive\1626011090.6485362.jpg 6 735 317 31 58 660 361 29 56 525 404 30 57 325 396 28 57 324 107 30 59 439 79 30 59
positive\1626011090.7197888.jpg 6 735 315 31 60 659 360 31 59 526 404 28 58 324 396 29 58 324 108 29 58 439 79 30 57
positive\1626011090.795926.jpg 6 439 78 30 60 325 109 29 56 325 396 27 58 525 404 30 57 660 361 29 57 736 318 28 57
positive\1626011090.8730311.jpg 6 736 318 29 56 660 360 28 57 525 404 30 57 324 397 30 57 324 107 29 60 438 78 31 59
positive\1626011090.9520884.jpg 6 735 318 31 58 661 360 26 58 525 403 31 58 324 396 29 58 322 108 32 58 439 79 29 59
positive\1626011091.0311468.jpg 6 735 316 31 61 660 361 28 57 524 403 32 59 323 395 32 60 323 107 31 60 438 79 31 59
positive\1626011093.9437234.jpg 4 757 147 31 59 681 189 31 59 546 233 32 58 345 226 32 59
positive\1626011094.434274.jpg 4 758 146 29 59 682 191 30 58 548 235 29 57 345 227 31 57
positive\1626011094.52504.jpg 4 758 146 30 59 680 190 33 59 547 235 31 57 345 226 32 58
positive\1626011094.6109333.jpg 4 346 227 30 58 548 234 29 57 682 192 31 57 756 147 32 59
positive\1626011094.696818.jpg 4 757 146 30 59 682 190 30 59 547 234 30 57 346 226 29 59
positive\1626011094.7807534.jpg 4 758 146 30 61 682 188 29 60 547 233 30 58 345 227 31 57
positive\1626011094.863813.jpg 4 346 226 29 58 548 233 29 58 682 191 30 57 758 147 29 58
positive\1626011094.950674.jpg 4 758 146 28 59 682 190 30 59 548 233 28 59 346 226 30 57
positive\1626011097.4675894.jpg 4 803 146 30 60 727 190 30 60 592 234 30 57 390 226 31 59
positive\1626011098.0039268.jpg 4 803 147 29 60 726 191 30 58 593 234 29 58 392 225 28 59
positive\1626011098.0946975.jpg 4 803 146 30 60 727 190 29 59 593 233 28 59 391 226 31 59
positive\1626011098.176676.jpg 4 803 147 29 58 727 190 29 58 592 233 31 57 390 226 32 57
positive\1626011098.2596352.jpg 4 804 147 28 58 726 190 31 59 592 234 32 57 391 227 30 58
positive\1626011098.3465016.jpg 4 804 147 28 58 728 190 27 57 593 234 28 57 391 226 30 61
positive\1626011098.430005.jpg 4 803 147 29 58 727 190 29 56 592 233 31 58 392 228 28 57
positive\1626011182.4208848.jpg 3 618 268 31 52 666 391 30 50 599 427 33 52
positive\1626011182.8883884.jpg 3 620 268 29 51 666 391 32 50 601 427 27 51
positive\1626011182.9733033.jpg 3 618 268 31 50 666 391 31 50 600 427 29 50
positive\1626011183.0562592.jpg 3 620 268 29 52 665 390 32 51 600 426 30 52
positive\1626011183.1362913.jpg 3 618 269 31 49 667 391 30 50 600 427 29 50
positive\1626011183.2212024.jpg 3 619 268 30 50 667 390 31 51 600 426 29 51
positive\1626011188.5415444.jpg 4 554 156 32 51 602 279 32 51 536 315 30 51 335 438 32 51
positive\1626011189.0837052.jpg 4 556 157 29 52 604 279 28 50 536 315 30 51 335 439 31 48
positive\1626011189.170571.jpg 4 554 156 33 51 602 280 32 50 536 315 30 52 336 439 29 48
positive\1626011189.2584155.jpg 4 554 157 32 52 602 279 32 50 537 317 28 49 334 439 33 49
positive\1626011189.3413703.jpg 4 555 157 31 50 603 279 30 50 536 316 30 51 336 439 28 47
positive\1626011189.4243295.jpg 4 556 157 29 51 604 279 29 50 536 316 31 50 335 440 31 46
positive\1626011189.509241.jpg 4 555 156 31 52 602 279 32 50 537 314 29 53 336 439 29 49
positive\1626011189.5970902.jpg 4 555 156 31 52 603 278 30 52 538 315 27 52 336 438 29 51
positive\1626011189.6888258.jpg 4 555 157 30 50 604 279 29 52 538 314 28 54 336 440 29 47
positive\1626011193.0618992.jpg 3 666 150 29 51 600 186 29 50 398 310 30 49
positive\1626011193.5333216.jpg 3 666 150 29 50 599 184 29 52 399 311 30 46
positive\1626011193.6153026.jpg 3 666 150 30 50 599 186 29 50 398 310 32 47
positive\1626011193.6938932.jpg 3 666 151 30 49 600 185 28 53 398 310 30 48
positive\1626011193.7768514.jpg 3 665 149 33 51 600 186 28 50 398 310 30 48
positive\1626011193.8578577.jpg 3 666 150 29 51 601 185 27 52 398 311 31 46
positive\1626011193.941795.jpg 3 666 152 30 49 599 186 31 50 398 310 32 48
positive\1626011194.027687.jpg 3 665 150 31 50 600 185 28 51 397 309 34 49
positive\1626011194.113572.jpg 3 664 150 34 50 599 186 31 52 398 310 30 48
positive\1626011194.2023854.jpg 3 666 149 29 51 599 186 28 51 399 309 29 49
positive\1626011194.2931588.jpg 3 667 150 28 50 600 186 28 51 397 309 32 50
positive\1626011198.7903068.jpg 4 667 229 29 51 620 107 29 51 601 267 27 49 398 390 32 47
positive\1626011199.2636561.jpg 4 619 106 29 50 668 230 28 50 600 265 29 53 399 390 30 47
positive\1626011199.3514962.jpg 4 620 107 28 50 667 229 29 50 600 266 30 50 399 390 31 47
positive\1626011199.4325047.jpg 4 619 107 29 50 667 229 29 50 601 266 28 50 400 389 29 48
positive\1626011199.513511.jpg 4 619 107 28 50 667 229 28 50 601 266 28 50 398 389 33 48
positive\1626011199.5954964.jpg 4 619 108 29 50 667 229 30 52 600 266 29 50 400 389 27 48
positive\1626011199.6829126.jpg 4 620 107 28 49 669 229 25 51 600 265 30 52 399 389 30 47
positive\1626011203.2227175.jpg 4 555 166 30 51 603 288 31 51 535 323 33 53 334 448 33 49
positive\1626011203.6872878.jpg 4 556 166 29 51 603 288 31 51 537 325 28 51 337 449 28 47
positive\1626011203.7712288.jpg 4 555 166 31 52 604 289 28 50 536 325 31 49 336 449 30 46
positive\1626011203.8502781.jpg 4 554 166 33 50 603 289 30 49 537 325 27 49 336 449 28 46
positive\1626011203.932264.jpg 0
positive\1626011204.0142474.jpg 4 556 165 29 53 604 288 29 50 537 324 28 51 337 449 27 47
positive\1626011204.0962315.jpg 4 556 167 28 50 604 288 28 50 537 325 27 49 336 449 28 48
positive\1626011209.4593484.jpg 3 555 268 32 50 605 391 28 49 537 428 29 51
positive\1626011209.975214.jpg 3 556 269 30 50 605 391 28 49 537 427 30 51
positive\1626011210.0572033.jpg 3 557 269 28 53 605 391 28 50 538 427 28 50
positive\1626011210.1401577.jpg 3 556 268 31 51 602 390 34 50 537 425 31 52
positive\1626011210.2250652.jpg 3 556 268 31 52 603 390 31 51 537 425 30 52
positive\1626011210.3177848.jpg 3 556 268 31 51 605 390 28 50 538 426 28 50
positive\1626011210.4007485.jpg 3 557 269 28 48 604 390 30 52 538 426 28 52
positive\1626011210.4817653.jpg 3 556 268 29 51 603 390 31 51 537 426 29 53
positive\1626011317.4463296.jpg 3 385 349 28 54 602 275 27 53 355 135 28 51
positive\1626011317.9289632.jpg 3 601 275 29 51 356 134 28 50 384 350 28 54
positive\1626011318.0148516.jpg 3 600 275 30 51 355 134 28 52 384 348 28 54
positive\1626011318.1007378.jpg 3 601 274 29 53 354 133 31 53 385 349 27 53
positive\1626011318.1866255.jpg 4 601 275 28 51 354 134 28 51 354 134 28 51 386 348 26 53
positive\1626011318.26959.jpg 3 602 276 27 50 354 135 30 51 384 350 28 50
positive\1626011318.3589168.jpg 3 601 275 29 52 355 133 29 54 384 348 28 52
positive\1626011318.4496865.jpg 3 601 274 28 52 385 347 26 54 355 135 30 49
positive\1626011318.5365663.jpg 3 601 275 29 52 385 349 28 52 355 134 30 52
positive\1626011318.6214705.jpg 3 601 274 29 52 386 350 25 51 355 134 30 51
positive\1626011321.8618164.jpg 3 698 366 29 50 480 440 30 53 451 225 30 52
positive\1626011322.409767.jpg 3 450 225 31 49 481 439 29 55 698 366 27 53
positive\1626011322.4892695.jpg 3 451 224 30 54 481 440 28 52 697 365 30 53
positive\1626011322.5698066.jpg 3 451 224 31 52 480 439 30 53 697 365 29 52
positive\1626011322.6537445.jpg 3 450 225 31 52 482 440 28 52 696 365 32 52
positive\1626011322.7396348.jpg 3 451 225 30 51 481 439 29 53 697 365 30 53
positive\1626011322.819663.jpg 3 450 224 32 52 697 365 30 52 481 439 28 53
positive\1626011322.9035988.jpg 3 481 438 29 53 451 225 31 52 699 367 28 50
positive\1626011322.9885166.jpg 3 452 224 29 52 698 366 28 51 481 439 28 52
positive\1626011323.0753767.jpg 3 482 440 27 54 697 367 30 51 452 226 29 51
positive\1626011323.1573594.jpg 3 697 367 29 50 480 440 31 53 451 226 31 51
positive\1626011326.2577636.jpg 3 481 308 27 51 451 93 30 52 698 233 30 53
positive\1626011326.742483.jpg 3 451 93 30 51 696 233 32 52 481 307 29 52
positive\1626011326.8234851.jpg 3 451 91 32 53 481 308 27 51 697 233 29 51
positive\1626011326.9142551.jpg 3 451 92 30 51 697 232 31 53 481 308 29 50
positive\1626011326.9972556.jpg 3 698 233 27 50 481 307 29 51 451 92 29 52
positive\1626011327.083103.jpg 3 698 234 29 49 482 306 27 52 450 91 33 52
positive\1626011327.1650894.jpg 3 697 234 31 50 482 307 27 52 451 92 31 52
positive\1626011327.2509842.jpg 3 699 234 25 50 481 306 28 53 450 91 32 54
positive\1626011327.3417437.jpg 3 450 91 32 53 697 232 30 53 481 307 28 50
positive\1626011327.431535.jpg 3 697 232 29 53 481 306 29 55 451 93 30 50
positive\1626011327.5105915.jpg 3 480 307 31 51 451 93 29 50 698 234 27 51
positive\1626011327.595502.jpg 3 481 308 28 51 698 233 28 49 451 92 32 52
positive\1626011327.6794474.jpg 3 698 233 27 52 481 309 28 50 449 92 33 52
positive\1626011330.3668106.jpg 3 600 298 30 52 384 372 28 53 356 158 28 52
positive\1626011330.891427.jpg 3 602 299 27 51 384 372 28 52 353 158 34 51
positive\1626011330.9714663.jpg 3 600 298 32 52 385 372 27 53 355 159 29 50
positive\1626011331.055399.jpg 3 600 299 29 51 384 372 29 52 355 158 29 52
positive\1626011331.1383667.jpg 3 601 299 29 50 383 373 30 50 354 158 30 50
positive\1626011331.2204747.jpg 3 601 298 28 54 384 371 29 55 354 158 31 52
positive\1626011331.3088183.jpg 3 600 299 31 51 384 372 30 54 354 159 30 52
positive\1626011331.392753.jpg 3 601 299 29 57 386 373 27 53 355 159 30 52
positive\1626011331.482082.jpg 3 355 158 29 52 384 373 28 53 601 299 28 53
positive\1626011334.6369503.jpg 3 618 366 26 50 399 439 29 51 369 224 30 54
positive\1626011335.1025548.jpg 3 616 366 29 50 399 439 31 53 367 224 33 52
positive\1626011335.1908934.jpg 3 615 364 31 53 400 439 27 52 369 226 31 49
positive\1626011335.269504.jpg 3 616 366 29 51 400 441 27 52 369 225 29 54
positive\1626011335.3597925.jpg 3 616 366 29 50 399 439 30 53 370 225 28 51
positive\1626011335.4400954.jpg 3 613 365 33 51 400 439 27 51 369 225 30 51
positive\1626011335.5235693.jpg 3 369 225 30 51 616 366 29 50 400 440 27 50
positive\1626011335.6045878.jpg 3 368 226 30 49 616 365 29 50 399 440 28 50
positive\1626011335.6914427.jpg 3 370 226 29 51 616 366 28 49 399 439 29 53
positive\1626011338.9483252.jpg 2 384 151 28 50 603 78 26 48
positive\1626011339.4210038.jpg 2 384 150 30 53 599 77 34 53
positive\1626011339.503965.jpg 2 385 150 28 54 600 77 31 52
positive\1626011339.585949.jpg 2 383 150 30 53 600 77 31 52
positive\1626011339.6689093.jpg 2 599 76 32 53 385 151 27 53
positive\1626011339.753824.jpg 2 600 76 31 52 384 151 29 53
positive\1626011339.8338513.jpg 2 600 77 30 54 385 150 27 53
positive\1626011339.9177887.jpg 2 600 76 30 54 384 150 29 53
positive\1626011340.0075798.jpg 2 600 75 30 54 384 150 28 52
positive\1626011346.38123.jpg 2 383 151 30 53 600 77 31 53
positive\1626011346.8468893.jpg 2 599 77 33 52 384 151 28 52
positive\1626011346.9279566.jpg 2 600 76 32 52 383 150 31 53
positive\1626011347.0070255.jpg 1 599 76 32 54
positive\1626011347.096811.jpg 2 384 150 30 53 600 76 32 55
positive\1626011347.1778193.jpg 2 384 149 30 55 598 75 36 53
positive\1626011347.2617598.jpg 2 384 150 32 54 599 77 31 52
positive\1626011347.3466742.jpg 2 384 150 30 53 600 76 30 52
positive\1626011347.4355004.jpg 2 384 150 30 54 601 78 29 54
positive\1626011347.52096.jpg 2 384 152 29 51 601 78 29 51
positive\1626011347.6081269.jpg 2 384 152 30 52 602 77 29 52
positive\1626011347.6935596.jpg 2 385 151 27 52 600 78 28 50
positive\1626011347.7789857.jpg 2 385 151 26 52 600 77 30 52
positive\1626011347.8658452.jpg 2 384 151 28 52 601 78 29 50
positive\1626011347.9507601.jpg 2 384 150 29 52 601 77 29 51
positive\1626011348.0352066.jpg 2 385 152 27 51 602 77 28 52
positive\1626011348.1220696.jpg 0
positive\1626011348.2118711.jpg 2 385 150 27 53 601 76 29 51
positive\1626011348.2948282.jpg 2 601 78 29 51 386 151 26 51
positive\1626011351.2673016.jpg 3 600 293 30 51 385 367 28 51 355 152 29 52
positive\1626011351.7454126.jpg 3 600 293 30 51 385 366 29 51 354 152 30 51
positive\1626011351.8283663.jpg 3 354 151 31 53 601 292 29 53 386 365 28 54
positive\1626011351.9152339.jpg 3 601 293 30 53 383 366 30 54 354 151 30 53
positive\1626011351.9988194.jpg 3 600 292 31 54 384 366 30 54 355 151 29 52
positive\1626011352.0847058.jpg 3 601 292 28 53 354 152 31 51 385 366 27 53
positive\1626011352.1696217.jpg 3 601 293 29 53 384 367 30 51 354 151 32 53
positive\1626011352.255199.jpg 3 600 293 31 51 385 365 28 54 353 152 32 53
positive\1626011355.44115.jpg 3 696 365 32 53 479 438 33 57 450 225 32 53
positive\1626011355.969888.jpg 3 697 366 31 52 481 440 29 52 450 224 34 54
positive\1626011356.0533912.jpg 3 696 366 31 52 479 439 33 52 450 225 34 53
positive\1626011356.131472.jpg 3 696 365 31 53 479 439 34 52 452 226 29 53
positive\1626011356.2173645.jpg 3 697 365 29 52 479 438 32 56 451 225 30 52
positive\1626011356.3003237.jpg 3 696 366 33 51 481 438 29 54 450 226 32 52
positive\1626011356.3823123.jpg 3 697 366 29 51 479 440 33 52 450 226 31 51
positive\1626011356.4658618.jpg 3 450 224 33 54 480 439 32 53 697 364 29 53
positive\1626011356.551753.jpg 3 697 364 30 55 479 438 32 54 449 224 36 54
positive\1626011356.6356924.jpg 3 696 364 32 53 480 438 31 54 450 223 33 55
positive\1626011356.718176.jpg 3 697 366 30 53 479 438 35 53 449 225 35 52
positive\1626011356.8021111.jpg 3 696 366 33 52 480 438 33 55 449 223 35 55
positive\1626011361.0780017.jpg 3 600 345 31 50 384 418 30 52 354 203 31 53
positive\1626011361.5685227.jpg 3 601 344 29 52 383 418 31 54 354 204 31 52
positive\1626011361.6563573.jpg 3 601 344 30 54 383 420 30 51 355 202 29 53
positive\1626011361.7373676.jpg 3 601 343 28 53 383 417 31 55 353 203 32 54
positive\1626011361.821301.jpg 3 601 344 29 52 385 418 28 54 353 203 32 51
positive\1626011361.907189.jpg 3 600 345 30 53 385 418 29 54 353 203 33 52
positive\1626011361.9872205.jpg 3 600 345 32 50 383 418 31 53 354 202 32 55
positive\1626011362.0711632.jpg 3 600 344 30 53 384 418 29 52 355 203 29 52
positive\1626011362.1599731.jpg 3 600 345 30 51 385 418 26 52 353 204 33 53
positive\1626011362.2468414.jpg 2 599 344 33 53 385 418 27 52
positive\1626011362.335653.jpg 3 354 204 31 52 384 416 31 56 600 343 29 54
positive\1626011362.422516.jpg 3 354 204 29 52 600 344 30 52 384 417 30 54
positive\1626011362.5035245.jpg 3 354 203 30 51 600 345 30 52 384 419 29 50
positive\1626011362.5884376.jpg 3 353 203 32 53 600 344 29 52 384 418 29 53
positive\1626011362.6713958.jpg 3 353 204 33 50 599 344 33 53 384 418 29 53
positive\1626011362.7540293.jpg 3 354 205 30 47 602 344 28 51 385 418 27 52
positive\1626011362.8360136.jpg 3 354 203 31 53 599 343 33 55 385 418 26 54
positive\1626011362.9165697.jpg 3 353 202 33 54 600 344 32 52 385 417 27 53
positive\1626011363.0063517.jpg 3 353 203 32 51 600 344 31 52 383 418 32 52
